%YAML:1.0
CameraExtrinsicMat: !!opencv-matrix
   rows: 4
   cols: 4
   dt: d
   data: [ 7.5588315892942126e-02, 9.3538503935107931e-02, 9.9274213911873932e-01, 9.3900513464616231e-01,
          -9.9673508097596830e-01, 3.5426574795548005e-02, 7.2554366857447206e-02, 1.2554482398397798e-01,
          -2.8382826714377640e-02, -9.9498517882420601e-01, 9.5910943420781658e-02, -8.3035952544017211e-01,
           0., 0., 0., 1. ]
CameraMat: !!opencv-matrix
   rows: 3
   cols: 3
   dt: d
   data: [ 2.1999426243552730e+03, 0., 5.3531303094155555e+02, 
           0., 2.2234865641637084e+03, 3.2821873079714874e+02, 
           0., 0., 1. ]
DistCoeff: !!opencv-matrix
   rows: 1
   cols: 5
   dt: d
   data: [ 9.7710065411710803e-02, -7.1944352724722793e-01,
       -2.4358138109184056e-02, -7.7008525635155955e-03,
       -2.7162685830785174e+00 ]
ImageSize: [ 1200, 960 ]
ReprojectionError: 1.3648930024538128e+00
